1000 runs:

received_mean_s = 
array([ 0.066,  0.339,  0.826,  1.499,  2.314,  3.355,  4.675,  6.01 ,
        7.734,  9.608, 11.599, 13.849, 16.257, 18.83 , 21.828])

received_std_ls =
array([0.2482821 , 0.47336983, 0.37910948, 0.76941471, 1.11508027,
       0.97722822, 1.17871752, 1.71752729, 1.6447626 , 1.29550608,
       2.36774133, 2.40045808, 1.00346948, 2.96666479, 3.16960818])

received_theory_ls = 
array([ 0.0625  ,  0.390625,  0.765625,  1.5625  ,  2.25    ,  3.515625,
        4.515625,  6.25    ,  7.5625  ,  9.765625, 11.390625, 14.0625  ,
       16.      , 19.140625, 21.390625])

time_mean_ls = 
array([0.00398337, 0.01305173, 0.02360199, 0.04233904, 0.16126774,
       0.1487141 , 0.1398249 , 0.24568258, 0.31376056, 0.44700866,
       0.5032885 , 0.49389174, 0.64029308, 0.57044302, 0.6088587 ])

time_std_ls = 
array([0.03343256, 0.00683275, 0.00621321, 0.00926044, 0.06631015,
       0.08008525, 0.03102278, 0.124178  , 0.10968155, 0.11000331,
       0.19502068, 0.22392029, 0.3231131 , 0.14576061, 0.09474165])